4735.745132942839
3575.334144807586
3515.1360853657407
3488.6513338109935
3470.0342425008507
3454.789266056939
3441.75572181874
3430.904247599933
3421.7770821335384
3413.283280318396
3406.441335417372
3400.9825549999096
3396.2472588154387
3391.959342235024
3387.6138705442963
3384.409763638533
3381.8183386498126
3379.340500980585
3376.666139831069
3374.246013045858
3371.8583350392278
3369.4297007649884
3367.353308110742
3365.7387003696845
3364.728858064235
3363.7606000259925
3362.719791843608
3361.877166289611
3361.051684364481
3359.4729976339086
3357.336696296272
3354.9855901553865
3352.8567024556846
3350.620200694581
3348.485754224684
3346.7479167871847
3344.784204310068
3342.6226147976927
3340.043148609345
3337.0694822742535
3333.8864040767594
3330.6784784652364
3327.3829933144166
3323.9247225342456
3320.4552689042744
3317.0297431626122
3313.4623251681146
3309.8515910516085
3306.600225267369
3303.589447754053
3300.5675541824853
3297.552416447875
3294.6495313835235
3291.870377359783
3289.2085375077563
3286.580038724969
3283.957191035912
3280.936780783527
3277.8680655115463
3274.4945749086983
3270.8955334507477
3267.1541958805124
3263.0172325747535
3259.1393830730754
3254.981141448672
3250.645309593024
3246.2254889939027
3241.271945802477
3236.24382645509
3230.894814183041
3225.7473584529434
3221.0058746055233
3216.955792192693
3213.233135654228
3209.1509330186964
3205.341599652558
3201.9566834760644
3198.5582957496817
3195.333987075501
3192.046838780845
3188.840436135121
3185.697889749154
3182.624683278908
3179.876359010266
3177.2123115904196
3174.433081322998
3171.5747950434697
3168.7023418823564
3166.038106915775
3163.578729860675
3161.0409240876197
3158.5916309803906
3156.3135956909664
3154.2401249571662
3152.409601924484
3150.571681210818
3148.582427449864
3146.443189729852
3144.6064769138175
3143.050311489884
3141.603836329687
3140.02056654752
3138.2247994165514
3136.7428455352815
3135.560053021545
3134.5156130735804
3133.407199008268
3132.29276397402
3131.2530995409625
3130.3441627788598
3129.328961943167
3128.2508868817986
3127.1600554842234
3126.312252398035
3125.482135991828
3124.582844165208
3123.8884085067457
3122.970410667266
3121.894022372138
3120.8714925835716
3119.8422710414734
3118.864503906855
3118.1410586793704
3117.499320975883
3116.7845466854733
3115.957130098789
3115.06259980011
3114.101864494504
3112.9734961403865
3111.725584223513
3110.3791718600096
3109.3441288362064
3108.4038774474943
3107.437657861661
3106.5024591055244
3105.552992824015
3104.589242040253
3103.6857966917364
3102.9103422380326
3102.0578429379116
3101.212231473551
3100.226043594489
3099.182992797642
3098.1031272566884
3096.998412008998
3095.8190242117025
3094.6587455610866
3093.222686828762
3091.803268684008
3090.571731007363
3089.319632914788
3088.248546477011
3087.1047914771716
3086.014544958506
3084.9198967966017
3083.6471864482787
3082.4800643564545
3081.3774886537108
3080.238255588062
3079.061379908616
3077.8671057133547
3076.624595879448
3075.3934815505545
3074.24235346751
3073.4008770778883
3072.627002623127
3071.854547196748
3071.1438773866366
3070.495309493261
3069.9483209843465
3069.5060986252774
3069.093118720798
3068.7099411882527
3068.2709984607354
3067.8078090335994
3067.2269260408775
3066.5970434651026
3066.0805832471738
3065.5432745722014
3065.0985986679716
3064.7971321269097
3064.546354169757
3064.2696367089143
3063.9543470555723
3063.4742246914025
3063.023648008212
3062.638039989613
3062.196706956321
3061.777764399667
3061.367510235965
3060.8900435158334
3060.5204185799944
3060.251642550838
3059.8183483149483
3059.351847584167
3058.9243697858997
3058.51836202102
3058.1114224108946
3057.6862319339716
3057.295041187763
3056.9219752396184
3056.502087170163
3056.089668566349
3055.6487936010703
3055.2547309922
3054.9536856644954
3054.6746478655523
3054.367464224737
3054.0344217083166
3053.664691226115
3053.2345969621188
3052.8464304505287
3052.518891895757
3052.219217826616
3051.954524280856
3051.69894633886
3051.519977191209
3051.4003154985503
3051.2330147799016
3050.998923778064
3050.744879965478
3050.498806902007
3050.282330527777
3050.022708705648
3049.799688176075
3049.622311421484
3049.4893846717096
3049.3229412564083
3049.1976132482996
3049.0766400527064
3048.9263110060747
3048.7750140970893
3048.6098057836425
3048.401138086066
3048.1736011124103
3047.9164990975823
3047.6764170592733
3047.490572310166
3047.301365984124
3047.0771147288674
3046.880937876197
3046.689643812727
3046.5083643492135
3046.352211859468
3046.276065207048
3046.1834009299873
3046.098600785147
3046.0237363628157
3045.9994466264766
3045.9622877825614
3045.961531991051
3045.9432631439804
3045.9099011886547
3045.8844762333147
3045.8594940665444
3045.798179652035
3045.7180194836897
3045.6757931455722
3045.672365812244
3045.643412697711
3045.5743097709656
3045.490522749106
3045.3958165624517
3045.3142041468113
3045.211331399063
3045.1148411158883
3045.033701467457
3044.944560016562
3044.8315063628925
3044.680429420691
3044.539143532336
3044.4522758409403
3044.385210175874
3044.32151118103
3044.249732149402
3044.1963023384797
3044.136358205082
3044.07196515689
3043.992354183506
3043.9380087240547
3043.868133573477
3043.769539706996
3043.641860588399
3043.518024661239
3043.3986290844837
3043.2860257829793
3043.1309376340355
3042.978081634524
3042.80254336703
3042.6324670813506
3042.491010600604
3042.372397315915
3042.3074094188246
3042.2315881832606
3042.1332132351254
3042.03800837741
3041.9451921209948
3041.8548016666086
3041.7518109816224
3041.6632444548295
3041.5720576362764
3041.4832156075468
3041.3899742342596
3041.285651534657
3041.162256572098
3041.036028068398
3040.902466361146
3040.7773710385404
3040.6510802297958
3040.535851004538
3040.4219676134876
3040.3029554933337
3040.2039029292364
3040.1264412186156
3040.066920089171
3040.0064156377834
3039.95173172164
3039.897719866892
3039.8415704776453
3039.7959890018215
3039.7424651234505
3039.6982870117326
3039.658184642772
3039.6312109325827
3039.6025291211286
3039.5793971292287
3039.5583430211873
3039.5371469702477
3039.5198284727962
3039.5004482245126
3039.494624537149
3039.4903125187057
3039.4979420024374